target/SampleData/polulation.txt
ncols         251
nrows         194
xllcorner     115.41224999931
yllcorner     39.439308000373
cellsize      0.0083333333333333
NODATA_value  -9999
[rows 123 to 163 of 194, columns 0 to 92 of 251]
-9999 -9999 -9999 -9999 1 0 2 1 5 0 1 0 1 1 1 0 1 0 0 0 1 1 4 2 2 2 0 4 0 1 0 1 1 1 8 11 2 2 2 16 16 2 7 9 6 7 3 3 14 24 89 32 32 31 15 12 15 8 1 10 7 2 2 0 0 1 0 1 1 16 12 3 0 1 2 4 18 2 3 1 2 16 489 164 6 11 62 3 3 1 0 4 0
-9999 -9999 -9999 -9999 1 1 1 0 1 1 1 0 1 0 1 0 1 1 0 1 1 0 0 203 98 4 4 6 3 3 4 1 2 7 14 25 10 10 23 13 15 36 15 14 1 7 11 536 71 452 1328 25 23 12 1 13 2 0 0 10 1 7 4 2 0 0 1 2 2 7 4 4 1 2 2 3 84 51 8 3 77 1341 145 754 181 454 436 558 5 1 0 0 1
-9999 -9999 -9999 2 2 1 0 1 4 4 4 1 0 1 1 0 1 0 36 19 2 1 1 1 3 1 6 4 3 0 2 2 3 18 25 8 6 2 7 44 62 45 80 9 1 41 54 51 5 14 2 4 3 3 2 1 0 1 1 0 0 3 5 171 7 1 4 4 6 9 17 8 114 68 52 43 10 84 43 30 193 65 483 579 6456 30 60 27 0 1 0 1 0
-9999 -9999 -9999 2 1 0 1 2 1 3 1 1 1 1 1 1 1 140 125 13 9 1 1 1 0 0 7 105 1 0 1 17 18 19 130 41 24 32 839 32 15 34 573 73 2 3 4 4 4 4 3 1 1 1 0 0 0 1 0 1 2 0 1 4 5 6 2 1 1 4 4 1 28 86 42 4 26 80 113 184 680 6125 275 5 13 6 4 2 4 1 3 0 0
-9999 -9999 -9999 -9999 1 0 0 2 2 7 1 1 1 17 4 1 0 1 1 3 15 3 2 4 1 1 6 4 8 6 8 9 24 19 52 102 32 61 48 64 77 36 4 3 2 3 17 13 1 0 1 1 1 1 1 1 1 1 0 1 0 0 2 2 3 2 40 8 22 3 1 31 49 29 45 88 562 284 1078 2079 616 869 8 4 3 1 1 0 0 1 4 1 0
-9999 -9999 4 0 1 0 5 2 2 1 1 1 2 0 0 1 0 0 0 1 289 10 5 7 1 1 1 0 2 2 7 11 19 65 340 27 58 64 691 394 13 7 7 11 7 1 0 1 1 0 0 1 0 0 0 0 1 1 1 1 2 0 2 2 5 383 278 13 40 648 79 15 61 62 36 489 203 51 586 630 1077 421 8 5 1 186 71 0 0 2 11 17 3
-9999 3 4 2 2 13 5 4 7 1 11 10 1 1 0 1 1 1 1 2 90 3 5 0 0 1 2 232 19 23 9 23 51 871 5128 23 23 25 32 11 34 13 1 1 1 1 1 0 0 1 0 0 0 0 1 0 0 0 0 0 1 1 1 5 7 53 79 112 1101 1650 2907 287 48 50 12 7 556 29 30 105 1312 524 649 181 386 1819 70 21 29 33 46 28 13
6 2 3 3 2 11 3 3 4 11 13 4 1 1 1 5 3 1 0 0 1 2 1 1 1 1 0 15 6 39 4 46 1324 215 12 32 2 2 1 2 1 1 1 0 1 1 1 0 0 0 3 1 1 0 0 0 0 1 2 1 4 240 11 167 1 2 46 10 517 352 1 15 23 72 50 16 23 15 2 4 39 148 5156 12357 5534 744 1306 1050 436 623 13 4 9
-9999 2 2 1 4 4 20 25 65 25 13 8 9 7 4 0 2 7 5 0 0 15 23 11 1 2 2 17 43 17 3 17 2 44 7 5 1 1 1 1 0 1 0 1 0 2 3 3 0 1 1 1 1 1 2 1 0 2 1 1 8 5 2 1 4 7 5 5 2 0 3 2 1 1 1 0 2 2 1 1 612 1799 4697 9891 15927 5821 5860 2360 155 2 1 4 1046
-9999 1 1 2 0 15 15 30 18 4 4 3 1 1 1 1 3 1 0 0 1 1 6 12 529 297 361 41 47 2 2 2 4 3 5 4 1 1 1 0 0 0 0 2 24 8 4 4 2 0 0 0 0 0 1 1 1 37 3 24 1 0 2 52 4 8 7 3 14 1 1 0 0 1 2 3 1 1 38 494 1706 6847 5843 2039 1845 5450 5859 3320 1544 8 439 2259 4456
-9999 -9999 -9999 -9999 1 6 14 13 9 4 56 4 2 0 1 2 3 3 10 7 6 7 43 3 3 20 3 6 4 2 2 0 3 73 2 0 0 0 0 1 0 0 0 2 1 4 5 4 1 0 0 1 1 3 3 2 1 3 2 0 26 0 1 2 4 121 4 2 0 2 0 2 0 0 1 1 4 146 4020 5042 8495 8763 13091 6051 1653 5756 5795 5046 1739 1708 3135 3253 5081
-9999 -9999 -9999 -9999 -9999 -9999 -9999 2 12 14 4 68 8 2 4 4 7 5 21 12 6 9 3 2 2 2 2 6 3 1 1 0 3 3 2 0 1 0 0 1 0 0 0 1 1 2 1 1 1 3 1 3 13 1 1 1 0 0 0 1 1 1 1 2 3 5 4 4 2 3 3 1 15 18 45 169 2726 1415 1763 1889 967 916 5637 2530 1168 63 171 277 5860 5082 5082 3388 5082
-9999 -9999 -9999 -9999 -9999 -9999 -9999 -9999 0 3 6 3 5 8 8 12 15 11 12 4 5 4 3 2 1 1 2 4 4 2 0 0 0 1 0 0 1 0 0 0 0 1 0 0 0 1 1 3 1 10 1 2 2 1 0 0 0 1 0 1 0 1 1 2 2 42 3 3 24 5 4 16 3 3 1 1 4 5 392 327 10 77 208 1362 2017 1800 336 289 5859 6232 5860 3388 5082
-9999 -9999 -9999 -9999 -9999 -9999 -9999 -9999 -9999 4 2 0 2 2 2 0 13 3 3 3 7 3 4 2 1 1 2 3 3 2 2 1 1 0 0 0 1 0 0 0 0 0 0 0 0 0 1 0 1 1 1 0 0 1 1 1 0 1 1 1 1 1 0 0 0 0 0 0 2 4 37 23 48 19 18 24 4 27 49 71 269 1053 1389 1580 2514 2555 2554 124 289 5860 5860 5083 5082
-9999 -9999 -9999 -9999 -9999 -9999 -9999 -9999 -9999 -9999 -9999 0 0 1 0 0 1 3 2 3 5 4 2 2 0 0 2 2 3 73 0 0 1 1 0 0 0 0 0 0 0 0 1 0 21 1 0 0 0 0 1 0 0 0 1 1 0 0 0 0 0 0 0 0 0 0 0 0 2 22 31 46 35 19 20 8 2 15 3 31 35 176 1297 852 6394 2551 2551 2550 270 5860 6009 5860 5082
-9999 -9999 -9999 -9999 -9999 -9999 -9999 -9999 -9999 -9999 -9999 -9999 1 4 0 1 2 35 0 2 2 4 63 2 0 0 1 0 2 2 0 1 0 1 0 0 0 0 0 2 0 1 657 429 0 1 0 0 0 0 0 0 0 0 0 0 0 0 1 0 0 0 0 0 0 0 0 0 0 2 25 37 38 930 36 22 3 1 2 2 4 6 161 1416 2551 2550 2551 2551 2548 289 289 5860 5860
-9999 -9999 -9999 -9999 -9999 -9999 -9999 -9999 -9999 -9999 -9999 -9999 0 1 2 1 1 1 2 2 2 2 2 2 0 0 1 1 1 0 0 0 0 0 1 3 2 0 0 0 1 1 3 5 227 43 0 0 0 0 0 0 0 0 2 0 0 0 0 0 0 0 0 0 0 0 0 3 0 11 22 23 70 645 44 48 66 98 3 3 31 320 1228 1495 2111 2556 2553 2555 256 258 289 289 5827
-9999 -9999 -9999 -9999 -9999 -9999 -9999 -9999 -9999 -9999 -9999 0 0 1 1 0 0 1 2 1 4 1 0 0 0 0 0 0 0 0 0 0 0 3 6 149 253 0 0 1 0 1 2 2 91 7 0 1 2 2 0 0 0 0 2 0 2 0 0 0 0 0 0 0 0 2 2 3 1 0 17 23 46 343 166 72 694 374 15 7 89 230 109 64 3289 3425 1841 363 230 321 260 5861 288
-9999 -9999 -9999 -9999 -9999 -9999 -9999 -9999 -9999 -9999 -9999 -9999 0 1 1 1 1 0 1 1 2 12 0 0 0 0 0 0 0 0 0 6 174 507 6 93 22 1 0 1 1 0 0 0 0 0 1 1 1 0 0 0 0 0 2 28 0 0 0 0 0 1 0 0 0 0 3 112 2 10 72 68 61 88 4602 95 82 9 3 11 12 43 75 12 851 48 54 172 396 223 295 2212 5161
-9999 -9999 -9999 -9999 -9999 -9999 -9999 -9999 -9999 -9999 -9999 -9999 -9999 0 2 3 1 23 1 1 12 2 1 1 0 0 0 0 0 0 86 29 303 3 1 1 0 0 0 0 0 0 0 0 0 0 0 0 1 6 2 1 0 1 0 0 0 0 0 0 0 0 0 2 0 3 5 2 1 1 4 3 15 8 22 4 5 1 3 11 9 1706 1384 58 21 84 84 64 603 510 3979 1171 918
-9999 -9999 -9999 -9999 -9999 -9999 -9999 -9999 -9999 -9999 -9999 -9999 2 0 3 1 1 1 1 0 1 0 1 1 1 0 0 0 0 212 356 1 0 0 0 0 0 0 0 1 0 0 0 0 0 0 0 0 1 0 1 0 0 0 1 0 4 0 0 0 0 0 0 0 4 4 10 1 0 0 0 0 0 2 19 32 31 15 5 13 12 18 6 1467 3364 1675 79 147 181 148 7525 7476 5055
-9999 -9999 -9999 -9999 -9999 -9999 -9999 -9999 -9999 -9999 -9999 -9999 0 1 3 2 3 30 1 0 0 1 1 5 1 0 1 296 1 164 0 0 0 2 0 3 1 1 0 0 0 0 0 0 0 0 0 0 1 0 1 0 0 0 0 0 3 2 1 2 0 0 0 0 0 1 41 0 0 0 2 1 2 3 0 0 0 1 13 14 13 46 384 1503 2669 1174 124 492 184 122 168 1580 544
-9999 -9999 -9999 -9999 -9999 -9999 -9999 -9999 -9999 -9999 -9999 1 0 1 1 2 1 1 0 1 0 0 0 0 0 0 1 121 0 0 0 0 0 1 1 6 4 1 2 0 0 1 2 1 0 0 0 0 0 0 2 41 1 0 0 0 2 1 2 0 0 0 0 3 1 0 2 0 0 2 3 3 2 2 1 9 8 14 23 1817 202 764 1419 2631 2114 1034 588 123 851 143 92 227 643
-9999 -9999 -9999 -9999 -9999 -9999 -9999 -9999 -9999 -9999 -9999 -9999 -9999 1 1 1 1 0 1 0 0 1 0 0 0 22 729 4 0 0 0 1 0 0 0 1 2 2 283 85 2 0 2 0 0 2 1 2 3 3 2 1 0 0 0 2 3 5 404 8 0 0 0 5 10 8 2 1 1 1 5 5 3 2 8 10 20 37 804 119 109 225 115 628 1560 703 1039 340 352 247 82 202 592
-9999 -9999 -9999 -9999 -9999 -9999 -9999 -9999 -9999 -9999 -9999 -9999 -9999 -9999 0 0 0 0 0 0 0 0 0 0 1 1 10 0 1 1 1 1 0 0 0 1 0 0 1 130 115 2 4 1 0 1 1 0 1 0 15 2 3 1 0 0 157 8 20 1181 41 14 97 156 85 1038 12 171 9 6 10 26 33 29 40 51 182 105 143 767 58 3495 379 620 1909 168 1710 5386 5339 1036 168 2165 6345
-9999 -9999 -9999 -9999 -9999 -9999 -9999 -9999 -9999 -9999 -9999 -9999 -9999 -9999 -9999 -9999 0 0 1 1 0 0 1 0 0 0 0 0 0 0 0 0 0 0 0 0 0 0 0 0 0 0 0 0 0 1 0 0 70 650 0 1 2 2 1 1 2 1 10 42 23 431 1231 861 68 284 405 1191 164 4 1 503 127 33 65 943 81 423 439 91 71 151 637 664 1366 604 1879 4808 5271 4740 5865 6803 5264
-9999 -9999 -9999 -9999 -9999 -9999 -9999 -9999 -9999 -9999 -9999 -9999 -9999 -9999 -9999 -9999 -9999 -9999 2 0 0 0 2 0 0 0 0 0 0 0 0 0 0 0 0 0 0 0 0 0 0 0 0 0 28 0 0 0 1 0 0 3 1 0 16 32 2 2 0 1 1 2 2 0 1 354 973 593 1141 1033 1 0 15 56 71 3696 206 65 375 30 576 2116 189 3274 4785 2167 2031 4013 6399 5839 7772 4676 6162
-9999 -9999 -9999 -9999 -9999 -9999 -9999 -9999 -9999 -9999 -9999 -9999 -9999 -9999 -9999 -9999 -9999 1 3 0 2 1 0 0 2 7 0 0 0 0 0 0 0 0 0 0 0 0 0 2 2 1 2 0 1 0 0 2 2 3 0 1 11 12 1 1 17 15 7 0 1 254 9 3 4 2 2 1860 2806 1418 76 8 7 29 195 274 52 163 213 0 28 92 890 3549 1727 572 4089 510 2144 110 183 456 1383
-9999 -9999 -9999 -9999 -9999 -9999 -9999 1 1 -9999 -9999 -9999 -9999 -9999 -9999 1 1 1 1 11 11 1 0 0 0 0 4 0 0 0 0 0 3 2 0 0 0 0 0 0 1 4 4 8 1 1 2 1 0 4 2 12 1 1 1 6 18 3 57 2 1 1 1 0 19 0 0 1 152 467 135 52 46 840 970 150 130 107 9 7 56 2386 1130 775 1475 68 85 2847 2877 57 101 156 4417
-9999 -9999 -9999 -9999 -9999 -9999 6 3 2 0 -9999 3 3 10 10 13 10 150 10 1 203 60 1 0 0 25 0 0 0 0 0 0 0 0 0 0 0 0 0 0 3 4 3 3 4 3 2 3 2 0 2 1 0 0 1 1 0 0 0 0 1 1 1 3 11 4 11 5 15 124 4 18 671 2558 2239 1466 39 52 14 396 740 56 96 1586 95 92 202 198 151 3167 259 605 171
-9999 -9999 9 5 0 0 0 1 2 2 2 1 0 0 0 4 1 21 8 0 0 2 3 1 1 1 1 1 0 1 0 0 0 2 0 0 0 0 0 0 0 3 20 50 0 0 0 2 2 8 12 1 0 0 0 5 0 0 0 1 1 2 2 3 19 277 247 48 142 148 148 52 671 3150 3563 1747 64 53 313 2701 1208 91 528 1835 137 1630 923 544 166 107 269 29 2152
-9999 2 2 0 0 0 0 0 0 0 0 0 0 0 0 0 6 0 0 0 0 0 0 1 2 0 9 5 4 1 0 2 3 0 0 0 0 0 1 1 4 4 5 0 0 0 0 0 5 6 13 50 1 0 1 0 0 0 1 0 1 5 25 842 1591 2259 1941 416 324 2112 120 52 165 1065 898 35 5526 828 908 620 663 187 3676 918 205 164 1165 297 99 256 523 952 130
1 1 0 0 0 0 0 0 0 0 0 0 0 1 0 2 1 0 0 0 0 1 1 0 1 6 110 2 2 2 3 2 2 2 3 1 0 0 0 0 6 2 1 0 0 2 2 0 0 0 1 0 0 0 4 0 0 1 1 1 3 24 506 1744 1034 1670 2999 1709 1989 312 37 46 260 192 4099 212 461 97 144 146 2867 1140 148 209 647 841 1256 1556 1183 410 230 1065 579
-9999 -9999 0 0 0 0 0 0 0 0 0 0 0 0 1 1 1 1 0 0 2 1 0 0 2 10 12 5 3 3 2 2 0 1 1 0 1 2 3 8 3 1 0 0 2 0 0 0 0 0 0 0 0 0 0 0 0 0 0 3 27 955 1889 83 739 4141 4199 3371 1191 857 30 65 161 131 1123 2800 1225 88 427 482 26 1017 156 1722 361 243 2659 4653 4508 1496 1267 2362 1195
-9999 -9999 -9999 -9999 -9999 0 0 0 0 0 0 0 0 4 133 2 0 0 0 0 2 1 1 0 4 2 5 7 10 5 4 1 1 2 1 1 1 1 4 4 7 0 0 0 0 0 0 0 0 0 0 0 0 0 0 0 0 0 0 71 1716 2277 1425 1832 2267 4805 2329 4433 2119 1356 111 161 117 537 1372 2544 4580 1332 869 109 120 396 106 24 179 1700 4372 5164 3654 1623 1034 110 79
-9999 -9999 -9999 -9999 -9999 -9999 -9999 -9999 -9999 0 0 0 0 1 7 1 0 0 0 0 1 0 0 1 2 6 5 1 4 7 5 7 6 2 2 10 1 1 0 27 0 0 0 0 0 0 0 0 0 1 3 3 1 0 0 1 0 0 2 17 671 1497 739 672 3309 5228 2329 2847 3593 1810 379 505 106 1117 1372 1372 4454 1645 703 104 169 953 1177 368 2036 2311 3926 4319 3926 2180 672 130 1518
-9999 -9999 -9999 -9999 -9999 -9999 -9999 -9999 0 0 0 0 0 0 1 1 1 3 0 0 0 2 0 4 7 2 3 3 2 1 2 0 0 1 1 0 5 10 4 4 2 0 0 0 0 0 0 0 0 2 2 4 3 2 0 1 6 0 2 3 58 1521 845 47 1568 3282 4750 5228 4222 1091 1158 2942 334 533 1424 1368 827 458 937 6589 1218 1079 352 938 1360 1119 981 2305 671 1728 268 183 108
-9999 -9999 -9999 -9999 -9999 -9999 -9999 -9999 1 1 1 0 0 0 1 0 1 2 2 1 2 0 0 1 2 1 2 0 1 0 0 1 0 0 0 0 0 1 0 0 0 0 0 0 0 0 0 0 0 0 0 0 1 3 2 0 0 0 0 10 787 2329 1755 54 54 83 1827 3623 1982 444 162 156 316 1654 2298 2326 278 5015 952 259 177 158 580 982 600 212 436 92 314 323 282 3775 227
-9999 -9999 -9999 -9999 -9999 -9999 -9999 -9999 -9999 2 2 1 0 0 0 0 0 1 1 1 1 0 0 3 2 2 0 0 2 2 2 5 2 0 0 0 0 0 2 0 0 0 0 0 0 0 0 0 0 0 0 3 1 0 0 0 2 1 1 1 393 1200 1640 288 58 71 1340 2328 3919 2146 1617 321 2093 2290 3292 2004 1220 8672 861 1179 1736 324 233 753 638 1022 433 556 2360 456 102 104 781
-9999 -9999 -9999 -9999 -9999 -9999 -9999 -9999 -9999 1 0 0 0 0 0 0 1 0 0 2 5 1 1 2 0 0 0 2 1 5 8 1 0 0 0 0 0 0 0 0 0 0 0 0 0 0 0 0 0 2 1 9 7 1 0 0 0 2 88 6 8 18 853 90 8 14 63 1372 4409 3563 1225 208 600 834 719 349 189 191 525 693 733 182 167 743 270 2711 169 105 282 233 73 84 1909
-9999 -9999 -9999 -9999 -9999 -9999 -9999 -9999 -9999 0 0 0 0 0 0 0 0 0 0 1 4 7 1 0 0 2 1 4 1 2 3 1 0 0 0 0 0 0 0 0 0 0 0 0 0 0 0 0 0 0 0 0 18 1 3 0 0 0 4 64 1027 1077 3097 1987 133 54 78 2098 3495 1622 568 100 1274 472 77 88 58 946 792 405 130 318 1273 1511 158 567 167 183 115 519 181 47 52
