target/SampleData/polulation.txt
ncols         251
nrows         194
xllcorner     115.41224999931
yllcorner     39.439308000373
cellsize      0.0083333333333333
NODATA_value  -9999
[rows 82 to 122 of 194, columns 93 to 185 of 251]
1 0 0 0 1 0 1 2 2 3 1 1 2 2 7 7 4 3 113 49 58 273 1620 208 2 1 1 1 1 22 89 10 17 1169 4 9 3 1 0 0 1 1 2 7 18 214 445 23 33 107 74 247 304 289 81 88 954 9495 369 264 1035 304 110 74 55 331 1644 87 55 919 85 708 2051 182 1345 566 2076 1393 309 1824 159 136 109 61 6258 314 69 73 13 19 12 75 152
1 0 0 0 0 1 284 98 0 1 3 31 3 259 509 0 0 0 4 65 571 12 2 75 89 33 2 8 18 2790 179 20 53 1569 3 1 1 1 0 1 0 1 3 13 15 63 498 3 34 200 101 58 43 689 523 389 607 1470 143 598 202 246 154 98 55 55 55 55 61 371 97 154 409 63 46 29 185 209 443 281 213 219 784 182 158 73 34 5 2 4 5 10 8
72 1 1 2 3 44 172 1 0 1 1 2 3 3 1 1 1 1 3 14 5 3 8 2 2 8 987 122 430 1 1 1 1 1 5 8 2 1 1 14 422 241 5 13 87 16 238 71 109 194 577 61 197 1390 1832 799 468 863 364 4211 314 335 2807 123 44 198 962 96 109 136 205 1544 1429 26 20 19 20 26 76 417 7472 473 6509 197 61 1 4 3 4 2 7 1 3
2 1 1 1 1 16 107 0 0 1 1 3 4 2 1 0 0 1 25 294 0 0 0 1 1 1 0 1 1 0 0 0 0 1 261 452 17 212 376 7 3 10 5 254 1476 194 120 123 104 31 1167 374 546 2130 12473 246 246 191 184 164 154 869 159 98 49 340 1830 154 205 409 342 440 914 20 18 60 123 256 1451 486 427 146 44 21 2 5 2 7 2 2 4 1 15
1 1 4 49 2 3 0 1 0 3 2 2 6 3 1 0 0 2 3 1 1 1 2 2 40 2 1 1 1 0 1 0 0 1 1 1 2 2 4 17 12 2 2 11 2744 120 75 52 34 9 0 0 513 2327 1112 197 197 172 164 184 428 123 154 547 69 946 307 295 307 1162 61 41 158 109 107 123 327 342 4659 97 61 9 8 1 5 2 0 1 2 1 1 1 30
1 0 1 1228 305 1 1 2 1 2 1 1 1 1 0 0 0 1 5 6 6 6 2 3 5 2 1 1 1 0 0 0 0 0 1 0 1 2 2 50 918 371 55 65 285 441 50 17 113 8 2 0 1544 2658 2088 812 436 9124 442 461 6790 330 307 2654 273 218 193 765 136 20 26 51 150 136 123 1074 182 67 15 2 5 3 6 1 1 0 1 1 0 1 10 7 2105
0 1 3 1 9 147 5 4 139 4 1 1 0 0 1 0 2 3 3 2 1 6 7 10 3 0 0 1 2 1 0 1 2 3 1 2 0 0 1 1 71 147 98 107 17 1637 57 1 0 1 0 1 2392 8723 3616 729 694 230 166 230 797 111 200 260 123 256 2713 16 13 15 109 178 218 245 6854 635 2 2 0 0 0 3 84 11 2 1 2 0 0 0 399 5 36
1 0 1 4 25 1509 44 13 60 1 1 1 0 0 0 0 0 2 1 2 1 2 2 2 2 1 0 1 1 0 0 1 1 1 22 2 1 0 0 4 27 27 42 45 62 17 83 7 1 0 0 591 813 3798 122 405 724 164 123 307 238 98 35 49 1830 246 153 14 68 82 109 109 97 342 222 16 0 2 3 2 0 2 244 944 4 1 0 0 0 1 2 6 42
2 6 3 5 5 8 49 1396 180 4 1 0 0 1 0 0 1 1 2 2 1 7 3 1 0 0 0 1 1 0 1 0 3 5 3 9 1 1 0 1 9 1570 369 164 123 279 893 77 8 433 1138 604 2021 245 573 346 6619 270 142 4010 201 87 98 98 87 2760 77 59 136 178 246 238 150 601 109 30 1 1 2 0 2 1 4 12 2 2 0 0 0 5 5 5 223
13 1 9 267 214 87 129 59 7 2 2 0 1 1 1 0 0 0 1 4 276 146 4 1 0 0 1 1 0 1 0 0 0 2 4 115 12 8 12 9 38 98 702 589 218 246 4497 826 997 354 5531 1458 1242 353 415 651 2799 123 276 1387 749 197 246 939 98 98 47 132 2430 517 753 353 339 247 97 11 4 12 0 0 1 2 1 1 5 2 2 2 2 3 3 19 1100
1 8 59 127 71 81 181 921 28 1 1 0 1 0 1 3 0 0 0 1 60 14 4 1 1 1 1 2 1 1 1 1 0 1 1 0 2 57 71 30 49 131 487 2729 847 97 300 244 184 89 202 6206 97 135 218 137 983 197 573 4513 154 395 200 197 104 74 104 106 106 106 2175 123 3382 335 48 66 803 85 10 1 5 7 11 2 30 7 6 830 641 41 41 6 1
205 38 712 1884 287 349 169 258 154 23 1 1 0 1 10 6 1 1 0 2 6 2 4 1 1 5 1 1 1 1 1 2 1 0 1 3 2 10 132 53 929 99 73 543 220 221 294 153 1208 87 80 369 256 123 307 115 111 133 164 175 98 107 975 54 42 90 86 119 65 53 76 106 59 30 40 59 1530 59 24 11 57 19 36 31 42 15 18 239 1354 10 23 4 1
52 233 320 264 153 295 212 0 1 4 0 0 1 1 1 1 2 1 1 0 1 1 1 0 2 11 1 1 1 0 8 1 1 0 4 1 10 53 2447 132 1377 67 106 1479 132 2349 116 538 491 890 446 4749 299 247 2870 571 197 276 461 4513 436 9 16 45 72 2413 580 106 85 59 73 1344 307 574 24 41 76 38 53 38 43 9 10 137 13 1 2 2 1 1 1 1 0
196 79 42 131 291 484 291 40 1 0 4 2 1 1 17 2 1 1 0 2 3 2 1 1 2 11 2 0 1 2 1 2 6 5 16 63 96 149 669 66 132 91 66 116 154 427 70 229 458 74 960 66 141 110 218 154 340 123 123 712 402 48 40 77 71 165 213 65 106 106 106 275 165 106 71 79 581 2145 555 66 78 16 2 0 1 1 1 5 1 0 0 1 0
184 120 396 338 20 53 228 7 19 20 66 53 30 8 6 1 2 3 1 4 551 145 52 45 182 18 7 3 2 3 33 25 1 1 4 261 3382 320 431 47 2430 1522 582 413 94 960 60 88 78 1475 99 79 106 1587 686 621 2681 109 123 2419 49 19 63 73 165 1513 88 71 79 79 118 1811 1547 66 66 66 66 108 277 132 2447 36 6 0 1 15 11 264 2 3 3 1 0
194 190 4683 298 87 130 136 33 76 327 150 136 121 7 11 25 34 9 2 3 264 61 384 105 2498 805 129 71 315 118 383 12 33 15 28 148 195 95 62 392 274 164 165 2430 119 106 132 137 99 891 206 59 64 125 549 92 69 66 116 15 67 529 88 496 182 67 66 293 742 307 159 625 348 53 998 698 73 66 66 66 101 597 252 3 1 6 4 6 2 0 1 1 0
778 907 822 666 1854 7068 1327 858 761 1091 1548 2437 652 444 123 87 1311 58 65 782 109 145 2620 204 216 197 187 116 2707 190 196 8 1323 1673 109 41 122 132 99 89 73 53 875 149 179 270 83 1437 259 1479 53 41 642 73 2175 364 64 79 22 13 209 2447 116 106 147 151 47 383 1462 712 276 474 58 53 355 70 79 79 155 1406 103 351 66 18 3 2 1 1 9 4 1 1 1
635 256 1521 4637 6603 8804 10950 1498 823 1744 1407 600 1201 1371 74 131 97 63 65 1624 144 332 118 157 239 78 1220 373 157 1699 219 1206 1040 109 53 52 132 66 30 206 618 53 40 47 657 959 47 68 836 395 59 53 960 560 141 364 1560 695 182 17 22 59 71 73 1337 281 634 744 373 88 853 256 77 58 59 66 53 53 361 105 1265 863 766 22 16 6 3 3 3 8 5 8 1
79 147 595 1570 10129 10129 5540 1473 1670 887 843 650 727 1088 74 68 148 177 157 1472 214 116 525 387 2726 103 127 145 124 103 52 923 109 78 59 842 433 46 25 2403 267 59 66 66 73 154 59 73 132 3382 131 3269 117 571 279 1232 1899 1555 1483 20 24 755 319 132 132 141 165 1674 3416 60 47 59 79 73 566 261 53 143 83 93 1356 79 48 53 47 20 7 5 10 10 166 1577 10
192 1638 475 455 947 722 355 66 376 6 33 3744 858 523 3228 24 332 145 453 2578 65 52 65 49 211 80 126 234 2689 95 532 220 134 287 106 2430 182 118 118 118 132 132 132 132 145 1533 132 132 131 66 163 333 132 755 298 170 291 513 12 9 48 74 83 608 257 199 966 488 60 53 83 66 501 734 2394 773 91 1479 147 71 393 98 79 1496 198 74 750 48 50 39 35 122 146
762 78 169 221 5520 97 738 1396 327 287 16 171 140 211 223 280 235 182 100 228 58 52 52 2390 274 232 2684 116 65 50 929 573 102 145 411 128 99 132 504 419 66 53 251 776 47 53 47 66 1229 66 552 353 53 2184 248 142 109 65 6 42 41 66 1117 320 1471 113 98 129 451 1373 903 106 106 81 1937 633 257 83 99 61 361 391 90 103 76 94 2160 53 43 53 66 45 232
1700 157 244 510 196 118 878 1395 151 169 159 3703 88 65 52 219 1662 12 12 22 84 65 58 152 295 379 177 73 65 52 44 52 69 2623 72 53 66 118 693 26 26 35 83 697 2354 46 35 24 26 26 924 37 56 304 5052 129 1479 56 122 30 50 91 2481 291 32 1231 503 700 417 138 168 106 65 129 335 190 903 203 105 66 1475 296 305 348 44 45 35 11 214 4 53 81 1668
173 72 711 1619 328 171 133 146 14 80 65 129 155 145 182 715 22 58 58 71 175 89 914 1057 1474 432 182 214 80 69 73 61 87 103 222 183 124 664 774 30 24 35 53 66 106 66 343 26 26 26 30 151 59 197 456 118 79 517 787 40 60 79 3645 576 219 1479 277 65 436 76 89 93 132 104 215 378 11 1453 215 162 231 106 2301 772 98 133 1364 70 493 26 6 129 66
1102 116 65 132 58 103 80 476 143 42 65 65 103 1102 91 71 258 230 145 145 408 461 133 653 717 377 294 2141 184 1699 471 145 1662 223 143 159 1089 1925 1507 53 46 35 53 1224 212 66 35 26 30 256 194 673 99 2192 261 437 154 2311 408 48 53 89 748 320 371 119 92 139 1337 132 103 106 592 163 112 246 74 59 66 66 183 232 53 57 55 63 213 79 1282 65 47 94 48
58 45 82 1615 280 78 268 1643 1301 256 44 86 72 84 196 517 3264 387 116 155 99 1606 43 209 71 96 218 260 289 52 52 255 228 65 50 59 124 1063 142 88 59 143 952 521 73 53 40 22 32 60 595 131 99 327 640 2957 670 172 106 76 70 96 1251 199 406 96 82 724 251 468 730 62 58 2439 357 533 1599 275 60 53 2355 402 53 53 50 57 132 160 567 1090 51 106 60
348 120 879 97 30 78 164 724 880 221 267 204 115 438 121 346 264 58 129 109 58 8 45 521 20 554 503 132 108 58 64 130 100 78 57 53 59 70 73 153 569 152 150 210 619 48 260 50 70 79 380 2320 310 242 235 199 238 132 93 53 79 93 3607 265 323 806 685 958 85 41 687 66 51 396 134 1021 2327 1081 59 87 277 241 83 997 1406 72 127 83 99 78 624 1731 383
1959 1888 858 145 89 98 14 175 218 84 120 2479 505 5468 218 625 792 646 175 426 8 6 62 1007 92 134 5411 175 569 199 148 1793 73 78 844 140 360 1479 53 435 3328 403 185 306 2660 264 1081 93 506 233 298 1502 137 265 199 454 475 106 79 79 106 103 238 149 132 25 22 634 903 65 66 98 130 518 132 1386 1567 179 132 165 875 499 465 132 117 162 92 905 532 132 231 1757 650
47 2009 1376 450 1057 1348 131 131 262 218 323 279 109 97 73 136 2349 226 171 2670 50 14 121 597 36 135 345 109 600 609 2301 140 83 98 50 119 416 417 26 1471 121 97 97 506 398 2320 199 121 278 248 1315 3051 426 595 2114 2655 2731 1012 20 261 122 845 755 516 364 450 1535 1420 132 198 396 127 66 66 66 117 3370 60 53 60 1479 420 960 495 86 2430 119 167 15 12 86 527 12
63 71 64 92 2804 429 87 87 464 1752 2094 1086 87 77 48 54 72 64 3093 128 3986 156 209 3751 30 488 943 732 608 4033 121 167 127 1293 73 59 2413 246 60 186 99 71 56 585 177 112 99 238 149 152 945 116 477 1920 2327 2327 2327 1741 239 1514 356 1133 2320 490 589 181 1533 261 73 959 398 58 269 691 46 188 601 56 53 53 436 96 72 21 43 149 1207 94 47 48 73 872 60
169 1073 4508 193 154 224 265 1326 1819 2153 1583 97 1381 97 77 78 3204 107 64 98 87 91 87 370 403 2017 327 120 109 177 4033 587 238 197 170 134 131 68 59 3645 161 71 62 165 103 162 338 154 119 392 1862 842 397 1979 2328 2327 2655 3088 775 126 99 79 73 83 1453 853 502 165 309 605 50 26 26 5 5 197 533 60 79 78 1475 99 79 213 359 802 242 51 423 188 322 477 41
124 86 934 4266 3384 629 118 660 857 347 1171 720 65 107 194 242 1218 295 186 886 191 3969 169 171 1916 105 273 121 78 48 45 539 221 144 2749 338 82 81 42 109 199 86 99 212 185 410 3809 853 356 305 397 397 191 1596 2327 2327 1860 843 93 86 79 232 33 29 17 26 66 705 1352 53 40 40 53 519 66 227 898 46 53 53 60 66 73 79 1479 1466 40 36 2406 102 1186 409 66
123 62 2194 2590 118 95 49 13 85 79 390 708 523 361 155 158 2263 392 136 107 115 172 133 954 5228 121 464 107 106 572 2278 392 194 143 141 91 266 151 129 172 2660 1346 1495 198 3191 387 319 165 3655 872 3093 117 90 447 1147 1742 2025 774 109 2218 220 1932 103 53 44 18 40 378 1547 251 53 83 83 821 132 790 823 50 33 26 33 46 51 43 1156 77 777 23 788 555 73 384 482
1863 1092 394 3705 198 1312 2990 238 175 78 114 2423 408 2454 699 147 182 259 718 354 298 331 903 234 226 194 233 131 116 117 162 508 6881 131 73 1231 1630 855 177 273 220 385 331 635 1018 3698 23 248 397 236 140 154 46 709 60 124 575 2218 106 343 135 1952 233 86 53 25 40 1555 699 53 53 1662 335 119 93 66 163 768 643 128 33 755 66 99 56 33 50 71 299 1017 1292 142 305
1504 2790 581 546 2058 1128 664 4888 394 946 131 142 353 4554 679 266 7814 3187 3983 5732 3585 1091 691 129 505 299 347 4028 175 218 627 218 4821 176 352 956 164 142 140 1504 476 112 761 1378 364 199 25 206 21 21 20 30 3 1344 74 99 550 1108 229 1294 345 53 66 106 52 25 40 202 190 53 45 240 527 66 149 1470 130 73 488 935 894 46 131 1404 382 33 39 1078 474 70 1224 268 139
35 111 70 211 2165 4825 141 199 3024 1568 129 99 103 2182 603 861 3209 3390 6129 7383 6563 1430 1168 364 7249 179 1616 2082 1512 2088 4338 155 6924 6502 930 341 192 173 171 79 573 513 116 745 343 566 22 2328 1858 43 32 66 53 46 60 1479 451 85 50 936 71 66 2405 342 53 43 40 493 3382 53 43 134 417 53 63 79 453 672 33 50 269 40 79 1638 83 66 59 1687 627 40 50 520 399
138 22 25 1128 1903 141 3576 3316 172 212 132 93 154 26 2017 5253 495 4722 1895 1295 1824 2361 2166 145 111 91 2281 1175 2278 523 177 744 200 457 346 301 180 206 102 235 1125 2875 104 132 318 1182 92 810 2328 91 7 49 79 733 79 99 190 545 44 24 26 53 226 652 86 49 49 60 199 378 63 60 452 108 727 60 79 66 753 83 99 160 50 74 301 26 780 864 30 282 77 64 745
36 31 6175 5439 331 1208 5212 1022 101 1370 179 2087 5510 141 1143 9057 5257 5363 5201 7499 2097 2073 1677 637 129 835 584 1180 1025 4081 100 121 181 383 209 248 2005 3053 3431 230 269 264 1301 187 1191 671 985 683 2277 88 23 25 79 1960 734 2218 959 544 46 26 26 33 53 12 492 132 106 358 331 2464 488 122 2786 496 89 83 745 278 33 33 854 875 26 80 712 20 240 584 25 324 100 24 33
123 1093 94 202 3613 3607 712 318 596 6448 173 196 1335 1484 2393 6234 6837 6180 1057 6088 6314 5268 7420 364 575 618 7191 2086 6285 4786 5387 564 730 288 133 325 280 269 216 177 1506 3294 143 171 149 1988 912 2319 2316 92 8 19 88 275 632 116 207 137 53 33 40 857 1469 265 83 66 66 2405 1343 277 59 8 7 85 482 115 1117 232 23 26 23 23 33 895 29 489 20 541 12 329 460 973 140
5180 5746 2421 364 229 857 2265 4073 905 6448 5205 6048 7093 5921 7165 6186 5556 5312 6005 5828 4919 484 364 169 146 942 1113 7937 864 9396 538 4186 1479 5573 443 378 273 307 256 218 3496 3579 145 257 277 113 128 3072 1964 37 17 99 73 66 83 74 119 1481 137 53 60 83 74 748 53 53 1453 553 87 97 2160 38 30 40 40 40 40 513 781 65 30 421 229 144 43 26 242 215 913 298 30 43 48
5738 6628 5940 339 287 132 2233 491 4322 5050 6313 6067 1839 5474 6307 7695 6173 6313 6313 5879 4683 477 208 145 700 3905 5182 15863 4524 1221 1692 4571 729 1705 512 410 717 364 5165 1334 4766 1684 1533 144 164 133 461 149 199 149 2205 99 73 108 66 66 91 1874 819 132 2464 165 607 3382 165 132 159 608 130 303 146 343 44 1457 354 -9999 -9999 -9999 -9999 -9999 -9999 87 92 -9999 -9999 -9999 -9999 -9999 -9999 -9999 -9999 -9999 -9999
317 144 8214 8260 3307 1924 5381 255 407 5375 6271 9679 7893 1987 5720 5676 5899 6082 6208 5885 7240 5373 1964 4910 5470 1350 980 5447 4936 7309 1030 764 797 314 348 823 5518 242 457 763 614 313 5571 1581 3082 363 121 26 6968 539 92 92 394 2807 99 78 91 298 414 66 106 106 869 83 976 177 66 347 156 960 105 106 338 674 167 -9999 -9999 -9999 -9999 -9999 -9999 -9999 -9999 -9999 -9999 -9999 -9999 -9999 -9999 -9999 -9999 -9999 -9999
