target/SampleData/polulation.txt
ncols         251
nrows         194
xllcorner     115.41224999931
yllcorner     39.439308000373
cellsize      0.0083333333333333
NODATA_value  -9999
[rows 123 to 163 of 194, columns 93 to 185 of 251]
0 1 906 1575 83 41 1829 525 5550 7881 6312 6264 1922 397 5586 5807 152 191 274 311 383 299 2257 1027 1234 595 6590 5152 6129 6261 1337 5695 5356 1480 569 863 6497 640 83 843 2053 72 107 97 3510 208 126 120 258 211 570 486 251 165 99 31 34 1513 786 240 253 86 119 60 61 61 61 263 2807 61 -9999 -9999 -9999 -9999 -9999 -9999 -9999 -9999 -9999 -9999 -9999 -9999 -9999 -9999 -9999 -9999 -9999 -9999 -9999 -9999 -9999 -9999 -9999
0 1 1 1 1 3 671 7194 7341 6286 6312 6229 1945 217 1617 7818 7538 1341 6313 6313 6312 4874 1636 5495 5790 585 1651 5460 5256 4820 711 600 8832 4463 540 453 1078 1712 757 5063 3151 1366 845 960 453 237 644 251 122 123 1077 115 169 96 1747 374 76 39 1490 79 76 154 99 149 1747 746 55 81 172 61 -9999 -9999 -9999 -9999 -9999 -9999 -9999 -9999 -9999 -9999 -9999 -9999 -9999 -9999 -9999 -9999 -9999 -9999 -9999 -9999 -9999 -9999 -9999
1 562 3296 131 3 688 4534 5829 6243 7912 5984 6104 2120 5631 1640 6372 6313 5795 6313 6313 6314 6313 6009 5297 7169 2154 4747 7771 5491 698 520 526 2045 4654 5061 8984 896 5217 6320 7692 2795 531 307 5604 750 1589 5141 3892 244 228 211 154 37 50 102 115 105 141 193 144 144 1156 110 92 134 124 96 115 2807 -9999 -9999 -9999 -9999 -9999 -9999 -9999 -9999 -9999 -9999 -9999 -9999 -9999 -9999 -9999 -9999 -9999 -9999 -9999 -9999 -9999 -9999 -9999 -9999
690 4231 5387 3699 2640 2165 2243 5904 5124 449 1169 5829 5625 6124 7224 6357 6313 10279 7341 10487 10675 11386 11386 5215 1262 4793 6065 6064 5943 6236 2126 4315 9318 5448 3181 3652 5464 4705 1861 505 610 272 213 963 274 269 1049 1479 598 3709 1684 2796 923 57 84 102 264 159 152 325 117 610 97 81 66 99 1518 645 309 325 -9999 -9999 -9999 -9999 -9999 -9999 -9999 -9999 -9999 -9999 -9999 -9999 -9999 -9999 -9999 -9999 -9999 -9999 -9999 -9999 -9999 -9999 -9999
122 807 2953 415 2988 442 149 1263 828 0 83 4485 5217 5841 10675 9208 9476 10052 10675 10675 6313 6313 11386 6180 4929 6065 8714 6064 6064 6064 610 8012 7478 9624 6916 5870 5994 5148 764 160 100 111 157 319 226 5325 138 161 180 505 511 1772 2688 2244 85 216 152 163 379 1228 1120 1141 674 179 161 84 92 76 319 84 -9999 -9999 -9999 -9999 -9999 -9999 -9999 -9999 -9999 -9999 -9999 -9999 -9999 -9999 -9999 -9999 -9999 -9999 -9999 -9999 -9999 -9999 -9999
0 956 1314 2185 132 207 137 5632 2365 5169 6863 7241 2214 5855 9163 7778 6313 6313 8258 12812 10675 10675 12812 9275 9536 16778 19276 15584 6064 7475 7477 7477 7477 6064 6064 17890 11616 5599 1473 1950 332 42 1494 7524 5213 1152 266 405 3123 4289 47 75 162 102 86 1544 237 133 66 1135 1273 1135 580 41 183 112 102 61 67 -9999 -9999 -9999 -9999 -9999 -9999 -9999 -9999 -9999 -9999 -9999 -9999 -9999 -9999 -9999 -9999 -9999 -9999 -9999 -9999 -9999 -9999 -9999 -9999
0 23 87 6175 1980 1533 6444 5991 6208 6313 6312 6314 5562 6299 6313 9711 6313 6313 6314 10730 9389 6313 9275 7478 7479 7477 7477 7477 7478 7478 7477 7479 7477 6065 8512 13793 14752 6065 7701 5861 1084 1370 5287 6076 6356 502 188 531 4370 1779 27 137 346 3090 73 140 212 344 21 1136 1757 1135 239 183 206 180 674 3455 299 -9999 -9999 -9999 -9999 -9999 -9999 -9999 -9999 -9999 -9999 -9999 -9999 -9999 -9999 -9999 -9999 -9999 -9999 -9999 -9999 -9999 -9999 -9999 -9999
8 737 494 740 1938 1108 7084 6286 311 6314 6313 6313 6313 6313 10675 14947 10675 10675 10675 9919 8524 7477 14466 11836 7478 7477 7477 7477 7478 7477 7477 7478 7477 6065 6064 9079 11138 16262 5518 7901 4702 803 890 6463 6357 186 274 578 227 188 23 41 2925 1655 48 685 2680 445 174 300 513 22 229 52 206 4030 922 100 -9999 -9999 -9999 -9999 -9999 -9999 -9999 -9999 -9999 -9999 -9999 -9999 -9999 -9999 -9999 -9999 -9999 -9999 -9999 -9999 -9999 -9999 -9999 -9999 -9999
2161 1051 1133 774 6358 6313 6312 6313 3194 6312 6313 6313 6313 6313 8046 10675 13079 11209 7477 7478 7477 7478 13151 7477 7478 8246 10263 7477 7477 7478 7475 7477 7478 6064 6064 14210 13203 12672 7959 1554 6815 1521 1029 10028 7452 639 768 4940 1465 1917 163 258 201 94 88 247 183 118 115 115 18 27 206 214 412 908 705 -9999 -9999 -9999 -9999 -9999 -9999 -9999 -9999 -9999 -9999 -9999 -9999 -9999 -9999 -9999 -9999 -9999 -9999 -9999 -9999 -9999 -9999 -9999 -9999 -9999 -9999
5082 5082 3818 5112 6258 8866 6313 6314 6312 6313 6314 6314 8854 10248 6313 11298 9119 6314 7478 7478 7478 9812 15781 15781 13151 11904 15781 13433 15474 13019 15387 7477 7478 7477 9930 6064 5944 6841 979 930 1072 400 928 6086 4546 213 283 1711 1636 5275 717 200 135 91 123 9707 200 153 537 600 701 874 371 1282 5850 1558 269 630 187 -9999 -9999 -9999 -9999 -9999 -9999 -9999 -9999 -9999 -9999 -9999 -9999 -9999 -9999 -9999 -9999 -9999 -9999 -9999 -9999 -9999 -9999 -9999 -9999
5082 4895 2145 4767 7965 4361 6314 6314 6314 6313 6314 6312 6313 9896 11798 11058 12078 9637 11499 14203 14326 15781 12384 11247 8580 13714 16721 14372 15312 14056 7477 7477 7477 7477 6280 6065 6065 6064 6044 5208 5649 16081 5127 1391 6628 1391 338 494 945 1052 1136 310 193 78 135 430 835 983 1027 1137 1137 1261 1031 45 344 886 915 206 180 210 436 -9999 -9999 -9999 -9999 -9999 -9999 -9999 -9999 -9999 -9999 -9999 -9999 -9999 -9999 -9999 -9999 -9999 -9999 -9999 -9999 -9999 -9999
5082 5082 4348 4178 5219 5215 6257 6285 8046 9655 6313 6314 7822 10675 10675 11564 14947 14203 11836 12445 7478 14090 14372 7477 8611 12703 18036 15029 13634 15428 7478 7478 7477 7477 7477 14941 6064 6064 6064 5249 571 1963 1622 248 372 257 219 7334 7924 5094 7028 5336 140 625 666 476 934 63 839 828 1136 1135 591 144 204 1811 699 295 144 743 -9999 -9999 -9999 -9999 -9999 -9999 -9999 -9999 -9999 -9999 -9999 -9999 -9999 -9999 -9999 -9999 -9999 -9999 -9999 -9999 -9999 -9999 -9999
5083 5082 5083 5742 5378 5416 4473 4635 6620 10052 6313 8694 9387 12812 11386 11564 11273 19883 11499 15781 14090 18036 15029 7477 8070 12703 18036 15029 11350 7477 7477 7478 7478 7478 7477 7477 7477 6064 6064 6064 5721 4718 7062 6544 7043 1463 6214 7546 6064 7230 5857 5094 278 319 930 1845 1730 838 587 41 284 465 298 500 2410 1127 393 414 277 202 -9999 -9999 -9999 -9999 -9999 -9999 -9999 -9999 -9999 -9999 -9999 -9999 -9999 -9999 -9999 -9999 -9999 -9999 -9999 -9999 -9999 -9999 -9999
5083 5082 3829 1276 1224 5548 3815 5385 5840 10675 6313 6313 10241 7822 6314 6313 10065 14395 7477 11173 7477 14090 7835 7479 7478 7478 14090 7477 7478 7477 7478 7478 7478 7477 7477 7477 13126 11964 9458 13175 6064 6064 6064 8301 8301 9447 8588 9857 8490 6367 5207 7948 2327 889 1504 2117 2117 1826 1115 694 944 382 423 1173 5909 1297 422 118 1537 861 -9999 -9999 -9999 -9999 -9999 -9999 -9999 -9999 -9999 -9999 -9999 -9999 -9999 -9999 -9999 -9999 -9999 -9999 -9999 -9999 -9999 -9999 -9999
5082 5082 4890 2955 6696 3389 5859 5860 5860 10675 8185 9476 12187 12376 10675 9536 10942 18901 11514 15781 11689 12445 10375 8591 10221 10836 12445 12617 11836 7477 7477 7478 7478 15875 17683 10004 12868 10607 6064 6064 11358 9027 6065 6065 5451 6666 9961 6884 6672 9565 7000 7252 1863 2113 2117 2118 2117 2117 2118 1429 280 418 316 107 126 344 843 90 122 101 61 -9999 -9999 -9999 -9999 -9999 -9999 -9999 -9999 -9999 -9999 -9999 -9999 -9999 -9999 -9999 -9999 -9999 -9999 -9999 -9999 -9999 -9999
3388 2108 2842 1448 2632 3388 5860 5860 5860 9536 8940 8940 6313 9471 8979 9536 10675 15244 11836 14841 12587 15499 12493 11582 13163 12869 12587 14841 11669 9007 7478 7478 7478 9339 11774 7782 7782 7782 7393 6064 6243 6065 5201 5364 1991 5560 7990 5829 7122 5278 5723 1039 1618 1204 1863 2111 2117 2117 2118 2117 1641 546 303 141 149 1146 1356 726 2581 1041 222 -9999 -9999 -9999 -9999 -9999 -9999 -9999 -9999 -9999 -9999 -9999 -9999 -9999 -9999 -9999 -9999 -9999 -9999 -9999 -9999 -9999 -9999
1935 3159 3124 1316 2808 5859 5860 5860 6313 7366 6313 6313 7509 7509 6313 10279 17868 8277 11272 13527 11272 14184 11302 11020 14184 14184 14712 10667 11272 13527 7477 7478 7477 7478 7479 15488 12906 12519 11229 8971 5863 1506 184 224 5143 661 4664 352 5943 6945 6249 594 210 967 833 1685 2117 2117 2116 624 593 156 716 279 176 35 229 194 550 146 135 -9999 -9999 -9999 -9999 -9999 -9999 -9999 -9999 -9999 -9999 -9999 -9999 -9999 -9999 -9999 -9999 -9999 -9999 -9999 -9999 -9999 -9999
144 2604 1577 828 1814 4619 5859 5859 5270 5270 5079 7925 8044 9385 7256 5270 7478 7478 9676 7477 10990 7477 7477 11272 11272 11272 7478 7477 11836 8307 7478 7478 7478 7478 7478 7475 12003 6064 6064 5492 6652 577 1937 1044 282 12994 2127 384 358 6438 4295 577 267 1536 670 1148 1598 1354 1585 1756 832 294 5850 1209 466 289 39 200 3825 517 132 -9999 -9999 67 76 -9999 -9999 -9999 -9999 -9999 -9999 -9999 -9999 -9999 -9999 -9999 -9999 -9999 -9999 -9999 -9999 -9999 -9999
5776 5821 5222 1747 4552 5860 5860 5270 5270 5079 5270 5271 5271 5270 5269 5270 5270 5270 7477 7477 9091 7478 7478 10333 10333 7478 7478 7477 7477 9127 7475 7478 7477 7477 6064 6064 6064 6941 6064 6064 6064 4731 956 1869 12994 488 1084 550 171 211 3813 1610 203 2737 1534 171 956 424 153 1132 1634 560 512 1218 1839 1446 177 95 139 637 191 3945 203 510 122 981 -9999 -9999 -9999 -9999 -9999 -9999 -9999 -9999 -9999 -9999 -9999 -9999 -9999 -9999 -9999 -9999 -9999
5389 1185 4216 5113 5271 5270 5271 6674 6912 6129 7355 5271 5270 5079 5270 5271 5271 5271 5270 6934 10291 7479 7477 11272 11272 7477 7477 7477 7478 7477 7478 7478 6064 6064 6065 6065 6064 6065 6064 6064 5127 5869 1829 4771 5652 2311 188 256 7017 2154 256 465 344 115 102 144 429 312 174 444 811 257 247 311 335 975 375 80 1749 1096 77 69 128 831 90 1518 -9999 -9999 -9999 -9999 -9999 -9999 -9999 -9999 -9999 -9999 -9999 -9999 -9999 -9999 -9999 -9999 -9999
7660 4667 1168 2037 5271 8580 7355 5270 5270 5270 6129 5271 5270 5271 5270 5270 5271 5271 5270 5270 7890 7478 7477 6005 6494 7478 7477 7478 7478 8102 5271 6063 6065 6065 6063 6064 17423 6064 6065 6247 6603 6065 7098 5403 7313 1711 1999 205 1683 1834 684 327 315 593 72 148 164 68 109 192 480 579 115 250 771 191 1027 224 115 124 61 61 55 78 1791 221 88 131 -9999 -9999 -9999 -9999 -9999 -9999 -9999 -9999 -9999 -9999 -9999 -9999 -9999 -9999 -9999
5164 5079 2014 5751 6067 5899 6537 5270 5668 6129 7355 5271 5270 5270 5270 5080 5271 5080 5271 5271 5270 5270 5771 5270 5271 7477 5271 5270 6895 5271 5270 6063 6063 6065 6065 6065 5922 4854 5983 7723 5552 5129 5216 2087 538 376 6445 204 255 956 1261 424 84 884 397 401 2807 136 1727 656 344 1747 1282 110 1624 579 546 203 135 118 101 554 724 96 109 543 55 96 2846 -9999 -9999 -9999 -9999 -9999 -9999 -9999 -9999 -9999 -9999 -9999 -9999 -9999 -9999
7652 7339 1467 302 1284 7328 5270 5270 5270 5270 6975 7289 6893 7821 5270 5269 5269 5079 5270 5270 5242 7076 5130 5271 5270 5586 5954 7355 8274 5271 5270 6064 6064 6064 6064 12706 5478 4627 5586 7983 6190 6250 645 2017 6913 273 168 4127 2898 480 470 98 84 647 96 80 67 61 84 91 109 254 152 109 68 274 46 235 1073 249 1631 269 122 122 122 3926 445 89 564 124 122 95 74 -9999 -9999 84 2426 -9999 -9999 -9999 -9999 -9999 -9999
7009 5177 7651 269 340 343 1185 7397 5270 5270 5270 5271 5079 5080 5271 5079 5271 5270 5271 6394 1387 516 4644 7759 5270 5271 4752 5270 7145 6793 4667 6064 6182 6065 6065 6840 4653 6793 563 139 57 205 114 1867 137 271 154 333 254 97 494 199 102 1708 1161 611 894 115 91 115 196 638 92 99 491 118 61 418 1138 674 168 96 69 61 61 76 329 714 412 800 1021 831 84 34 -9999 75 121 55 -9999 -9999 -9999 -9999 -9999
887 4791 5259 367 23 203 340 1145 4746 5270 5270 5270 5271 5271 5271 5271 5079 5079 5189 2247 28 35 377 1682 1197 7397 8650 1784 840 1448 93 6745 6064 5390 177 791 341 1428 6998 1094 499 176 261 4289 385 491 9737 658 52 78 261 163 109 56 76 74 102 656 165 118 149 888 944 40 284 170 120 58 55 248 238 2788 748 119 55 729 102 397 102 99 77 314 558 706 267 3472 379 76 -9999 -9999 -9999 -9999 -9999
7359 6071 1464 69 28 8 118 61 1271 5250 4692 5107 5269 5271 5247 5229 5079 5270 4930 928 4058 6891 6032 181 2589 8528 3451 1430 2860 535 1782 7029 2102 589 113 201 97 272 784 756 88 27 111 172 358 697 257 153 68 122 555 157 282 558 121 68 562 375 2460 73 312 1459 1055 262 686 1499 88 99 73 190 126 174 886 655 1587 183 952 191 1063 477 620 382 3507 1720 395 122 168 3156 -9999 -9999 -9999 -9999 -9999
7527 7350 412 778 16 58 10 142 340 5962 759 5257 5079 4857 291 5095 9334 5211 5063 380 183 5540 5055 6379 5213 7271 5856 4360 3510 6266 3137 4863 4389 480 167 109 565 125 75 1856 861 35 51 659 303 96 248 1708 628 106 121 138 671 82 60 616 184 538 150 92 152 983 726 392 62 89 55 225 2595 1047 144 120 139 76 68 110 181 109 93 251 87 53 81 172 401 169 404 81 -9999 -9999 -9999 -9999 -9999
5388 106 175 1689 288 10 14 29 160 5113 143 4613 560 5623 4090 1208 4502 1450 2102 819 966 5572 8359 4433 62 5270 2101 5957 1827 337 1880 1448 2777 785 529 3620 2574 2789 3432 7157 554 84 203 191 344 516 92 35 46 63 1514 269 66 96 172 154 605 188 922 580 456 868 916 891 446 31 433 123 242 648 607 351 144 107 109 109 2613 1329 765 794 725 34 257 115 53 207 92 76 92 -9999 -9999 -9999 -9999
632 568 36 1063 332 58 33 8 295 849 1153 2097 7757 4502 1247 189 129 1179 4876 7759 1885 5760 5698 293 55 5270 4906 6035 1379 1375 61 64 63 1866 1546 572 1483 501 61 3218 194 1712 401 265 115 81 81 75 61 66 80 75 75 1535 888 610 95 92 1518 1484 383 149 344 2807 152 55 28 54 44 55 265 183 547 120 104 1029 961 189 408 126 65 47 1202 138 61 38 44 665 69 -9999 -9999 -9999 -9999
182 33 31 1085 890 106 65 39 604 219 3136 1720 643 3161 142 134 89 337 3099 501 146 161 1219 851 43 1379 1379 1570 2060 954 825 748 66 1685 141 2179 1689 200 251 276 187 105 253 216 626 66 56 102 309 822 262 117 2350 632 110 210 461 85 55 399 661 2595 754 611 150 55 53 52 707 68 438 629 975 483 82 55 1138 808 1503 92 108 150 560 34 36 161 153 66 109 104 -9999 -9999 -9999
77 52 73 769 542 146 104 27 517 28 72 48 19 24 72 54 89 1488 1631 727 153 155 283 1444 1376 337 808 1103 538 88 1868 891 72 81 56 21 668 334 73 70 616 241 1160 1184 214 154 657 390 1527 181 104 88 2826 684 73 131 531 2595 121 152 1130 154 95 2595 353 53 100 452 352 136 3986 1084 229 225 130 72 96 172 122 133 104 1732 435 55 326 845 534 -9999 -9999 -9999 -9999 -9999 -9999
104 2686 130 538 2403 119 42 54 125 642 72 167 122 80 57 96 613 1952 3738 1103 292 1268 506 336 100 75 82 462 81 190 1232 513 446 585 171 61 272 1086 460 56 35 70 3775 5694 2049 202 153 82 109 92 265 369 152 795 119 39 34 76 74 547 1736 191 136 110 173 29 160 1651 188 54 163 92 92 582 563 398 673 532 60 61 66 66 105 50 82 99 -9999 -9999 -9999 -9999 -9999 -9999 -9999
117 131 130 1167 337 66 52 38 240 70 125 366 4851 905 218 391 1442 1579 1631 268 61 57 141 81 92 39 54 67 56 1997 228 91 75 2050 97 84 539 36 63 972 66 56 163 2326 2606 134 131 96 88 71 2155 170 117 369 66 191 763 260 163 761 979 444 55 68 690 144 47 688 1199 71 329 148 92 53 61 100 1553 412 925 55 67 75 68 61 122 -9999 -9999 -9999 -9999 -9999 -9999 -9999 -9999
142 679 71 146 117 11 7 111 2312 169 131 139 278 397 259 1174 1401 1589 1718 186 100 225 4748 100 77 81 81 56 72 72 50 63 52 20 14 143 1383 56 109 72 129 81 109 439 210 75 116 422 269 17 70 92 77 461 233 1039 152 512 436 68 92 261 308 87 177 455 44 756 1375 722 135 191 484 725 698 524 53 50 203 3945 344 357 950 427 823 -9999 -9999 -9999 -9999 -9999 -9999 -9999 -9999
321 42 65 312 568 44 16 91 72 56 50 56 117 103 176 1120 2679 2727 3219 3219 263 732 230 75 54 72 56 89 81 45 56 107 31 35 36 44 91 599 114 97 69 90 308 683 154 229 210 3945 813 3295 1323 191 1953 689 93 66 72 136 391 68 81 103 105 673 88 398 209 27 227 73 61 163 70 83 292 515 199 61 426 104 221 704 1715 826 1522 538 -9999 -9999 -9999 -9999 -9999 -9999 -9999
783 58 37 831 1251 78 9 33 50 72 30 25 129 85 379 534 3453 3961 4884 2109 1099 620 796 75 67 987 72 63 496 56 38 269 369 149 94 150 2333 891 564 704 76 108 279 468 220 68 109 68 61 75 83 44 45 55 76 875 106 133 2807 207 1427 119 88 109 95 1256 280 30 619 122 2797 1170 71 44 826 853 1680 511 388 793 152 667 1086 167 61 135 -9999 -9999 -9999 -9999 -9999 -9999 -9999
88 146 146 146 345 65 80 84 251 1277 1243 67 1244 244 105 530 1924 3483 3615 2525 1924 240 683 209 459 1273 135 2749 1728 1131 144 302 3223 870 223 68 118 74 68 88 130 109 275 435 215 1486 134 469 505 90 80 105 142 45 44 1727 435 529 86 84 103 1518 1423 102 85 1204 197 140 474 84 68 170 69 46 61 84 102 75 68 429 1118 102 183 191 838 -9999 -9999 -9999 -9999 -9999 -9999 -9999 -9999
84 78 130 130 132 65 89 75 75 1398 246 644 62 44 23 486 1037 3367 2886 1628 330 83 1881 815 133 99 315 315 204 70 31 38 225 136 55 88 61 33 43 50 63 100 41 109 66 38 109 88 55 55 75 1708 486 46 60 131 70 86 46 46 1487 552 85 93 92 82 81 58 641 137 860 1379 104 848 257 143 157 47 445 124 69 347 3945 -9999 -9999 -9999 -9999 -9999 -9999 -9999 -9999 -9999 -9999
130 127 1467 1426 10 12 52 69 89 56 72 136 396 3 0 52 250 1817 1230 162 52 45 504 240 2045 481 393 227 89 2045 805 91 329 1287 520 89 2317 601 239 136 125 178 36 88 55 35 31 72 35 39 650 67 911 732 54 120 122 1710 758 53 59 81 642 241 644 306 92 36 38 34 305 1021 247 115 115 1024 683 46 51 435 42 58 268 -9999 -9999 -9999 -9999 -9999 -9999 -9999 -9999 -9999 -9999
104 76 138 48 53 27 670 17 586 77 650 153 1601 76 109 139 953 1735 1193 175 75 56 542 43 45 54 61 38 57 70 45 644 201 50 84 150 81 58 120 136 751 1261 376 700 703 247 38 72 36 44 31 66 349 511 44 249 638 67 68 30 55 78 47 76 1704 781 92 29 1467 495 68 51 47 959 38 70 276 41 41 38 648 314 144 -9999 -9999 -9999 -9999 -9999 -9999 -9999 -9999 -9999 -9999
42 46 947 108 39 59 75 91 2312 49 45 551 63 45 50 783 1086 1606 1821 1344 139 2102 1006 211 163 38 1005 469 822 169 36 56 72 349 298 100 106 67 83 101 60 84 757 3202 665 718 571 2317 781 114 36 60 213 302 774 2596 84 209 422 69 619 526 371 96 458 88 158 41 37 30 21 353 34 41 110 673 304 53 55 261 139 42 566 158 46 -9999 -9999 -9999 -9999 -9999 -9999 -9999 -9999
