target/SampleData/polulation.txt
ncols         251
nrows         194
xllcorner     115.41224999931
yllcorner     39.439308000373
cellsize      0.0083333333333333
NODATA_value  -9999
[rows 41 to 81 of 194, columns 93 to 185 of 251]
0 0 0 0 0 1 2 52 27 52 11 6 0 0 1 0 3 9 25 26 24 9 9 21 6 2 1 0 0 2 2 12 201 7 3 1 3 1 1 1 108 2 15 9 12 416 3 5 12 2 11 16 647 1 1 1 8 4 1 1 1 3 1 0 1 1 1 1 2 1 0 0 1 6 1 1 1 1 1 0 0 0 0 0 0 1 3 32 9 1 1 0 1
2 0 0 0 0 1 4 1 0 1 2 9 3 0 1 5 297 26 26 32 32 77 9 18 37 6 1 1 10 6 14 13 12 13 1 1 2 17 1 1 2 27 14 4 8 676 33 44 34 20 45 28 13 4 1 1 152 1 1 0 1 1 0 0 0 0 0 0 0 4 0 0 0 0 0 0 0 0 0 0 0 0 0 0 0 0 0 2 9 1 2 1 1
2 1 0 0 0 0 1 0 11 11 1 2 128 4 6 16 13 46 23 29 200 26 26 29 164 1 6 11 18 264 6 333 11 19 10 9 7 3 10 12 15 7 7 40 18 9 66 37 29 37 27 1 0 1 1 22 57 10 1 0 0 0 0 0 0 0 0 1 0 0 0 0 0 0 0 0 2 1 0 0 0 0 0 0 0 1 1 11 84 55 4 11 5
5 0 0 0 0 1 1 17 12 57 5 5 2 21 14 38 4 3 2 12 20 7 1 1 1 1 1 1 2 1 2 3 3 1 5 1 4 76 2 6 6 6 415 18 13 10 16 5 16 4 1 1 1 3 5 16 11 1 1 1 0 0 0 0 0 2 2 0 0 0 0 0 0 0 0 0 0 0 0 0 0 0 0 0 0 0 12 34 7 2 1 2 39
3 3 1 1 1 1 0 1 1 1 1 2 1 3 2 3 1 1 1 2 2 31 0 1 1 1 1 1 3 0 1 1 0 1 1 1 1 1 2 4 1 9 26 1 1 2 21 11 1 1 1 1 1 1 2 1 2 6 18 9 1 8 0 1 2 4 1 0 0 0 0 0 0 0 0 0 0 0 0 0 0 0 0 0 1 3 19 46 22 1 8 12 9
4 9 7 1 1 10 7 4 0 1 1 1 5 4 1 1 1 1 0 1 1 0 1 1 1 1 1 0 0 0 0 0 0 1 0 1 1 14 8 2 3 5 2 1 1 1 1 1 1 2 0 1 1 1 1 6 23 611 9 2 1 0 0 0 4 6 1 1 2 0 0 0 0 0 0 0 2 3 2 0 0 0 2 0 2 5 42 133 17 10 0 9 2
7 5 11 6 11 1 2 0 1 1 0 0 1 1 1 1 1 0 0 0 1 0 0 1 1 2 1 1 0 0 0 0 0 0 1 0 6 3 3 0 0 1 0 0 4 12 1 1 1 1 1 2 1 1 1 11 3 1 1 0 1 1 0 9 2 10 12 4 0 0 0 0 0 0 0 0 5 0 0 0 0 0 0 26 33 8 15 4 3 2 0 0 1
1 1 1 2 4 2 1 1 1 1 1 1 1 1 1 0 1 0 0 0 0 0 0 0 0 1 1 1 0 0 0 0 0 0 1 0 1 10 5 1 0 0 0 0 1 11 9 1 0 0 1 2 2 0 1 17 154 1 0 0 0 16 0 1 4 53 2 1 8 0 0 0 0 0 2 2 0 0 0 0 0 2 18 12 63 771 2 2 1 0 1 0 1
1 1 1 1 1 1 1 1 1 0 0 1 0 1 1 1 1 0 0 0 0 0 1 0 1 3 1 1 0 0 0 0 0 0 0 0 6 5 2 2 0 1 2 0 1 1 1 1 1 1 1 2 7 1 10 6 2 1 0 0 1 1 6 1 1 8 98 2 1 4 7 4 3 0 0 0 0 0 0 1 0 1 21 40 15 3 1 1 0 1 2 1 2
0 0 0 1 1 1 1 2 1 1 0 0 0 1 0 2 311 6 0 0 0 0 0 0 1 1 1 1 1 0 0 0 0 0 1 3 11 141 3 2 0 0 0 0 0 1 1 0 5 4 29 9 5 3 3 6 2 1 1 1 3 1 2 1 5 8 12 5 5 6 13 62 4 0 0 1 0 0 0 9 6 21 73 56 8 3 2 2 0 0 0 1 1
2 1 1 1 1 1 1 1 0 1 1 1 0 1 1 1 1 1 0 0 0 0 0 0 1 1 2 1 1 0 0 0 0 1 1 1 1 2 3 1 0 0 1 5 5 1 1 1 1 1 10 3 1 2 4 121 4 1 1 1 3 1 2 3 1 2 5 0 0 2 9 2 1 1 0 0 0 0 0 0 38 4 2604 54 3 25 6 3 1 0 0 1 2
1 1 2 2 1 2 0 1 1 4 0 12 1 0 0 0 1 1 0 0 0 0 0 0 1 1 2 1 1 0 0 0 0 1 0 1 2 2 1 0 0 0 1 1 7 0 0 1 1 2 2 1 5 1 4 1 3 1 3 2 2 0 1 1 2 1 1 0 0 3 2 6 236 6 1 0 0 0 1 2 4 6 63 27 14 2 2 1 0 2 0 2 2
1 26 3 1 1 4 1 1 1 50 17 1 2 1 1 29 2 1 1 1 1 1 0 0 0 0 1 2 0 1 1 0 0 0 1 2 2 3 0 2 1 1 1 1 1 5 1 0 1 16 3 1 1 2 2 1 5 4 3 1 1 0 1 1 1 1 1 0 4 1 2 2 6 3 1 0 1 1 2 456 23 1403 55 34 37 21 16 20 7 4 4 1 1
0 1 5 1 1 1 1 114 164 115 163 8 5 1 2 1 1 0 2 2 1 1 1 0 0 0 1 1 1 1 56 1 1 1 1 0 4 2 1 0 0 0 1 0 1 1 0 10 7 1 1 3 2 3 1 1 1 2 7 1 3 2 1 0 0 0 0 0 0 0 1 1 5 3 0 0 0 2 4 66 10 51 96 34 27 7 109 44 27 17 11 2 1
2 1 3 0 0 7 14 1 4 8 6 1 1 1 1 1 2 1 2 2 2 1 1 1 1 0 1 1 2 2 2 20 1 1 1 4 1 1 0 0 0 0 1 0 2 5 3 1 2 24 9 32 6 1 1 1 2 1 3 3 1 0 0 0 0 0 0 0 0 0 1 1 2 4 0 0 0 0 4 3 2 3 75 146 25 15 64 79 31 4 0 0 0
2 4 42 7 16 687 254 4 1 2 1 1 1 0 0 0 0 6 5 1 3 72 3 1 1 1 1 2 2 1 1 2 6 12 299 2 1 0 0 0 1 0 1 1 1 1 3 1 1 8 15 15 6 1 1 1 1 1 2 1 1 0 0 0 0 0 0 0 0 0 0 1 1 3 1 3 5 47 28 3 1 1 2 115 63 7 27 97 21 17 8 6 4
7 1 33 717 837 481 42 1 1 3 325 10 1 1 1 0 0 5 6 11 5 1 25 10 1 2 3 49 2 5 2 2 5 1 1 1 1 0 1 0 1 1 1 0 1 2 4 1 1 6 6 53 11 2 0 0 0 1 3 1 0 0 0 0 0 1 0 0 0 0 0 0 0 4 0 2 1 6 2 1 4 0 0 2 20 6 3 109 48 42 39 38 72
35 42 115 1292 382 51 12 2 1 2 2 6 5 1 1 6 9 3 9 5 7 4 1 1 4 30 3 1 2 2 21 2 2 0 1 0 0 0 0 0 1 1 4 8 2 1 1 1 0 1 2 1 1 0 1 0 0 1 25 2 0 0 0 0 1 0 0 0 0 0 1 0 0 1 2 1 16 7 3 2 0 0 1 2 17 36 9 17 42 1508 129 202 3486
43 32 26 7 1 1 36 23 666 4 2 1 2 205 22 6 62 189 3 346 171 1 1 1 1 1 1 2 81 3 3 4 1 0 0 0 0 0 1 1 1 0 68 6 46 1 1 1 1 5 0 1 1 0 1 0 1 1 3 2 1 1 0 0 0 1 0 0 0 0 0 0 1 2 1 6 0 0 0 0 8 3 0 2 2 14 12 59 109 87 56 32 44
111 30 10 3 7 2 1 6 108 43 27 9 7 167 14 1 160 1 1 107 60 140 121 9 43 2 1 2 3 1 1 0 1 0 0 1 1 1 1 0 2 9 1 3 2 3 3 0 0 0 0 0 0 1 0 0 0 0 3 1 2 0 0 0 0 0 0 1 0 0 0 0 1 1 1 12 5 230 5 13 9 0 14 10 20 10 59 27 9 0 0 0 0
37 10 1 1 21 4 1 2 3 1 3 8 4 1 1 2 1 0 1 2 2 5 2 1 0 2 1 1 2 1 0 0 0 1 1 0 0 0 1 73 3 1 1 1 1 1 4 1 1 0 0 0 0 1 0 1 1 2 10 1 0 0 0 0 0 0 0 1 1 0 0 0 0 0 1 611 204 1 0 14 3 8 1 2 11 299 3 0 0 0 0 0 0
92 56 52 9 13 20 15 5 36 1 3 6 55 1 0 0 1 2 1 1 0 0 0 1 0 1 8 75 3 1 2 0 0 1 1 2 2 2 2 1 1 1 0 0 1 1 6 30 1 1 0 1 0 0 0 0 1 5 10 1 0 0 0 0 0 0 0 0 5 5 0 0 1 2 1 3 1 2 6 13 3 0 0 0 1 4 0 0 0 0 0 0 0
104 41 6 9 184 153 2 1 2 2 2 2 3 1 0 1 0 0 0 0 0 0 0 193 2 1 102 5 3 1 1 0 0 1 4 2 1 1 1 1 0 0 0 0 1 2 2 1 1 1 0 1 0 0 0 0 1 3 9 1 1 2 0 0 0 0 0 1 0 3 0 0 0 6 2 984 65 3 1 2 0 0 0 0 0 1 5 0 0 0 0 0 0
30 9 12 3 1 2 69 4 1 3 1 1 2 1 0 0 0 0 0 0 0 0 0 0 1 2 6 1 43 1 0 1 1 2 0 1 0 1 1 0 0 1 1 1 1 3 40 12 9 1 0 0 0 0 0 0 2 12 0 0 0 0 0 0 0 0 0 0 0 0 0 0 0 1 14 8 7 2 7 5 1 0 0 0 0 0 0 0 10 9 6 2 4
1050 386 37 1 1 4 2 1 1 0 1 1 1 1 0 0 0 0 0 0 0 0 0 0 1 5 1 1 1 4 8 25 7 8 1 0 0 0 0 0 0 0 0 0 1 1 1 12 41 12 1 0 0 0 0 1 1 5 2 1 0 0 0 2 0 0 0 0 0 0 0 0 0 4 1 114 24 31 2 3 0 0 1 0 0 0 3 16 0 22 56 0 4
111 59 8 189 5 6 2 5 4 4 2 2 6 1 0 0 0 0 0 0 0 1 1 1 1 160 1 1 1 1 1 2 1 1 2 0 0 0 0 0 0 0 0 0 0 1 1 2 3 2 1 0 0 0 0 0 2 3 0 0 0 0 0 0 0 0 0 0 2 3 3 3 1 1 2 11 12 0 0 0 0 2 24 14 35 0 56 31 0 0 0 0 10
44 955 42 103 294 2 5 3 5 2 1 1 1 1 0 0 0 0 0 0 1 1 2 1 4 4 1 0 0 0 1 1 1 0 0 0 1 1 0 0 0 0 0 1 0 1 4 3 1 1 1 0 0 0 0 1 2 66 1 0 0 0 0 0 0 0 2 4 8 13 12 13 55 69 623 30 11 2 0 0 0 8 4 14 45 2 13 79 88 2 0 0 0
10 2 1 1 3 4 3 1 2 1 1 1 1 1 0 0 1 1 1 1 4 3 2 4 2 1 1 1 0 0 0 1 0 0 0 0 1 1 0 1 1 4 1 0 1 1 503 1 0 1 3 0 0 0 0 1 2 4 0 0 0 0 0 0 3 7 4 11 18 3031 30 16 121 273 2710 568 1055 138 0 129 0 6 3 659 45 3 0 8 47 1 0 0 0
0 0 1 1 1 8 1 0 1 1 0 0 1 4 10 2 1 1 1 367 12 1 2 2 1 1 0 0 0 0 0 1 1 0 0 1 1 1 1 3 3 4 82 1 1 1 2 1 4 1 1 0 0 0 0 1 2 16 3 0 1 0 0 2 4 6 21 24 48 57 45 6 46 40 98 125 63 408 4304 1355 255 53 20 13 16 25 0 14 72 2 0 0 0
0 0 1 1 20 7 1 0 0 0 1 23 1 0 2 0 2 1 3 1 1 1 1 5 1 0 0 0 0 1 1 1 5 1 1 17 1 1 1 37 6 2 1 2 1 2 1 1 0 3 2 1 0 1 0 1 7 1 1 1 1 1 1 1 15 101 97 97 158 214 17 6 3 9 27 63 50 136 273 557 235 21 51 30 42 89 3 3 7 15 2 0 0
0 0 0 1 33 9 12 151 1 1 0 0 0 2 0 0 5 3 1 1 1 0 0 0 0 0 1 0 0 1 1 2 1 1 1 0 1 0 2 1 1 1 1 1 0 0 0 1 4 2 0 2 0 0 0 0 11 2 0 6 12 3 10 12 79 2663 158 158 191 2772 92 79 21 13 6 19 35 273 245 721 1324 40 14 6 79 464 24 19 14 54 26 1 0
0 1 12 34 10 2 1 1 1 7 0 0 1 0 1 1 3 5 1 0 0 0 0 0 0 0 0 1 1 0 52 29 12 1 3 1 0 1 0 2 1 0 0 0 0 1 1 4 1 1 1 0 1 0 1 2 23 1 1 16 230 1638 87 35 97 194 194 194 194 191 341 602 465 94 46 427 16 17 6 108 121 13 44 9 24 339 79 144 9 6 69 48 0
0 1 1 7 288 80 1 1 41 2 0 0 0 0 0 3 5 4 1 1 0 0 0 0 0 0 1 142 2 196 2 1 3 2 4 2 1 1 1 1 3 9 4 3 0 1 1 7 1 1 0 0 1 0 1 2 5 308 486 147 131 164 98 98 97 658 768 109 196 77 164 440 58 512 164 126 128 342 9 18 13 13 19 5 7 10 9 3 7 17 17 44 9
2 4 2 1 2 6 3 2 2 1 0 0 0 0 0 1 2 63 1 1 0 0 0 0 0 0 1 1 14 442 7 3 3 2 5 2 1 1 1 1 1 2 2 2 1 0 1 2 2 1 1 0 1 2 1 1 4 323 1634 1424 39 57 131 147 146 830 6924 273 639 6124 303 217 582 41 80 156 170 779 83 98 55 55 55 10 15 178 2 7 6 629 20 164 10
2 6 2 1 1 2 4 6 3 2 1 1 2 2 4 4 2 4 19 4 1 0 0 0 0 1 1 6 5 2 185 613 11 2 5 1 1 1 141 295 2 3 7 4 1 0 1 1 12 5 0 1 1 4 9 2 4 3 520 194 20 1929 88 75 136 121 136 136 136 327 150 121 513 417 10 1405 121 81 77 7508 90 164 58 9 146 645 9 1 6 499 1150 29 44
5 5 3 1 1 2 96 4 5 5 2 2 5 4 5 2 1 1 270 20 2 1 1 1 1 1 1 1 1 1 66 357 82 470 1388 29 29 56 1046 1372 21 2 2 8 1 1 0 1 2 7 9 35 1 7 9 19 5 18 79 1327 518 86 74 836 82 82 82 82 109 342 188 97 690 1881 718 57 175 388 628 292 34 26 1068 46 175 14 3 4 6 23 308 16 10
9 1 1 2 1 2 1 1 3 4 6 4 3 2 1 187 10 4 433 113 12 1 2 1 3 5 1 0 1 2 1 2 12 2 24 44 61 68 18 6 2 1 1 1 38 17 1 1 1 186 1 2 1 1 4 5 433 37 315 1783 683 35 21 633 48 48 48 48 136 2100 1932 152 157 272 236 123 106 412 485 393 108 24 37 125 489 3994 20 68 205 327 243 291 417
2 1 2 3 1 8 4 1 2 19 7 1 1 1 1 1 2 11 38 76 147 201 6 6 5 2 2 1 1 1 1 1 1 1 2 1 3 3 13 12 5 4 1 2 7 7 10 2 2 2 0 1 1 2 3 15 373 154 0 175 179 496 87 48 48 277 48 655 120 2033 499 243 238 375 272 307 388 9983 883 1755 1724 680 160 1466 431 281 285 291 245 218 109 152 3031
1 0 1 2 2 2 1 2 3 1 0 0 0 1 0 1 0 1 7 9 8 1585 53 3 2 1 0 2 1 1 1 1 1 0 1 0 1 1 5 18 18 376 38 3 14 8 4 11 1 1 3 0 0 0 6 41 96 33 3 92 1311 2425 109 55 155 1405 1613 932 201 97 109 121 285 779 4720 356 571 1494 2399 1983 1902 2749 697 2041 614 410 151 89 121 307 123 79 158
1 0 0 0 1 1 2 2 1 1 1 0 0 0 1 1 1 1 2 15 22 75 12 1 1 0 1 1 391 538 1 1 1 2 2 1 0 1 2 1 5 250 61 6 105 2 2 13 1 1 1 1 1 26 124 393 72 51 1618 635 218 160 215 164 55 48 68 48 55 61 73 109 109 150 243 855 1354 1835 1212 2752 2778 1279 716 589 471 368 345 3188 158 7356 382 436 451
0 0 0 0 1 1 2 2 2 5 0 0 0 1 2 2 4 20 176 11 8 4 2 2 1 1 0 0 1 160 10 2 1 2 1 1 1 2 1 1 1 0 0 4 5 3 2 2 3 7 13 262 316 752 18 43 221 307 246 2934 147 195 123 76 48 48 672 419 48 214 68 68 428 416 647 552 1795 1963 2819 5569 1880 512 293 143 315 290 158 409 579 307 267 364 432
